  41  1
00100 02104
00101 00234
00102 02104
00103 00234
00104 02014
00105 00014
00106 00034
00107 02014
00108 00014
00109 00034
00110 02014
00111 00014
00112 00034
00113 02014
00114 00014
00115 00034
00116 02014
00117 00014
00118 00034
00119 02014
00120 00014
00121 00034
00122 02014
00123 00014
00124 00034
00125 02014
00126 00014
00127 00034
00128 02014
00129 00014
00130 00034
00131 02014
00132 00014
00133 00034
00134 02014
00135 00014
00136 00034
00137 02014
00138 00014
00139 00034
00140 74004
00141 00001
