00100 02104
00101 00234
00102 02104
00103 00234
00104 02104
00105 00234
00106 02104
00107 00234
00108 02104
00109 00234
00110 02104
00111 00234
00112 02104
00113 00234
00114 02104
00115 00234
00116 02104
00117 00234
00118 02104
00119 00234
00120 02104
00121 00234
00122 02104
00123 00234
00124 02104
00125 00234
00126 02104
00127 00234
00128 02104
00129 00234
00130 02104
00131 00234
00132 02104
00133 00234
00134 02104
00135 00234
00136 74004
00100 02104
00101 00234
00102 02104
00103 00234
00104 02104
00105 00234
00106 02104
00107 00234
00108 02104
00109 00234
00110 02104
00111 00234
00112 02104
00113 00234
00114 02104
00115 00234
00116 02104
00117 00234
00118 02104
00119 00234
00120 02104
00121 00234
00122 02104
00123 00234
00124 02104
00125 00234
00126 02104
00127 00234
00128 02104
00129 00234
00130 02104
00131 00234
00132 02104
00133 00234
00134 02104
00135 00234
00136 74004
